# id	left	top	right	bottom	texture_id
[SPRITES]
80000	149	125	166	158	60
80001	166	125	183	158	60
80002	183	125	200	158	60
80003	200	125	217	158	60

80004	272	125	289	158	61
80005	255	125	272	158	61
80006	238	125	255	158	61
80007	221	125	238	158	61

80008	134	21	147	34	21
80009	149	21	163	34	21
80010	168	19	183	34	21


# ani_id	sprite1_id	time1	sprite2_id	time2	...
[ANIMATIONS]
850	80000	100	80001	100
851	80000	1000
852	80002	100	80003	100
853	80002	1000
854	80004	100	80005	100
855	80004	1000
856	80006	100	80007	100
857	80006	1000
858	80008	100	80009	100	80010	100

