# list of object assets to load in this scene
[ASSETS]
mario.txt
brick.txt
pipe.txt
colorblock.txt
qblock.txt
environment.txt
#
[OBJECTS]
# type	x	y	extra_settings per object type
# type: 0 = Mario , 1 = Brick, 2 = Goomba, 5 = Platform, 8 = Pipe
# See OBJECT_TYPE constants in AssetIDs.h

# MARIO
0	120	10

#PLATFORM
5	0	180	16	16	39	20002	20001	20003
5	624	164	16	16	29	20002	20001	20003
5	624	180	16	16	29	20005	20004	20006


#PIPE BODY
8	368	164	10022
8	384	164	10023
8	368	148	10022
8	384	148	10023

#PIPE TOP
8	368	132	10020
8	384	132	10021

#COLORBLOCK
9	240	132	16	16	3	20030	20031	20032
10	240	148	200
10	256	148	201
10	272	148	202
10	240	164	203
10	256	164	204
10	272	164	205


#? BLOCK
7	176	116	0	1
7	192	116	0	1
7	224	68	0	1
7	240	68	0	1

#GRASS TILES
10	16	164	400
10	32	164	406
10	48	164	406
10	64	164	406
10	80	164	404
10	96	164	405
10	112	164	406
10	128	164	401
10	16	148	400
10	32	148	404
10	48	148	405
10	64	148	406
10	80	148	401
10	96	148	406
10	112	148	404
10	128	148	403
10	16	132	402
10	32	132	405
10	48	132	401
10	64	132	402
10	80	132	403
10	96	132	402
10	112	132	403
10	32	116	402
10	48	116	403

#BUSH
10	160	164	500	
10	176	164	500	
10	192	164	500	


